GenBank only References: 51
Summarize Genbank By Ref
================================================================================
Publish Year
--------------------------------------------------------------------------------
2021 (5)
2022 (4)
2016 (4)
2018 (4)
2019 (3)
2007 (2)
2015 (2)
2014 (2)
2020 (2)
2009 (2)
2003 (2)
2004 (2)
2010 (2)
2023 (2)
2005 (2)
2012 (2)
NA (1)
2008 (1)
2013 (1)
2024 (1)
2017 (1)
1994 (1)
2002 (1)
1998 (1)
2001 (1)
--------------------------------------------------------------------------------
1990-1999 (2) (4.0)%, 2000-2009 (13) (26.0)%, 2010-2019 (21) (42.0)%, 2020-2029 (14) (28.0)%
================================================================================
References Num Isolates (Sequences)
--------------------------------------------------------------------------------
1 (15)
3 (13)
2 (5)
12 (3)
4 (3)
9 (2)
15 (2)
17 (1)
21 (1)
11 (1)
10 (1)
5 (1)
715 (1)
18 (1)
50 (1)
--------------------------------------------------------------------------------
Total 1003
================================================================================
End of Report
================================================================================
