GenBank only References: 44
Summarize Genbank By Ref
================================================================================
Publish Year
--------------------------------------------------------------------------------
2001 (1)
2002 (1)
2004 (1)
2006 (1)
2007 (3)
2008 (2)
2009 (2)
2011 (1)
2012 (1)
2013 (2)
2014 (1)
2015 (1)
2016 (2)
2017 (5)
2018 (5)
2019 (3)
2020 (1)
2021 (2)
2022 (2)
2023 (4)
2024 (3)
--------------------------------------------------------------------------------
2000-2009 (11), 2010-2019 (21), 2020-2029 (12)
================================================================================
References Num Isolates (Sequences)
--------------------------------------------------------------------------------
1 (14)
2 (8)
3 (3)
4 (1)
5 (3)
6 (2)
7 (1)
8 (1)
9 (1)
10 (1)
12 (1)
14 (1)
15 (1)
18 (1)
40 (2)
52 (1)
57 (1)
156 (1)
--------------------------------------------------------------------------------
Total 508
================================================================================
End of Report
================================================================================
