GenBank only References: 33
Summarize Genbank By Ref
================================================================================
Publish Year
--------------------------------------------------------------------------------
2000 (1)
2003 (1)
2004 (1)
2005 (1)
2006 (1)
2007 (3)
2008 (2)
2009 (2)
2010 (2)
2013 (1)
2014 (1)
2015 (1)
2016 (1)
2017 (4)
2018 (1)
2019 (3)
2020 (1)
2021 (1)
2023 (2)
2024 (3)
--------------------------------------------------------------------------------
2000-2009 (12), 2010-2019 (14), 2020-2029 (7)
================================================================================
References Num Isolates (Sequences)
--------------------------------------------------------------------------------
1 (9)
2 (11)
3 (2)
4 (2)
5 (1)
6 (1)
8 (2)
10 (2)
14 (1)
19 (1)
24 (1)
--------------------------------------------------------------------------------
Total 148
================================================================================
End of Report
================================================================================
